3.46332714  3.03019294  1.39025092
3.49877072  3.03878365  1.84217718
3.46512339  2.98508181  2.12444175
3.46361073  3.00353809  2.04269551
3.44302525  3.00172185  1.76411993
3.4421343   3.00960994  1.85411162
3.46842003  2.96905375  1.92903564
3.48201469  2.95186862  2.05449825
3.49390445  3.02997909  1.93658399
3.76850845  6.24297029  2.20893771
4.38249263  11.52955537   2.15805339
4.57016037  14.36253677   2.13122088
4.5919049   14.28427182   2.13187937
4.61382421  14.29161847   2.13174385
4.60910543  14.32705286   2.13143008
4.60723699  14.31554782   2.13154248
4.61564398  14.31581742   2.13151414
4.62367471  14.32781985   2.13137823
4.68950617  14.34680339   2.13099966
8.20305239  12.79024804   2.13460627
10.00815654   9.74623072   2.15725748
9.47190318  9.01083795  2.16572413
9.39918506  9.04986622  2.16558632
9.4025993   9.07318301  2.16535971
9.39197557  9.06404905  2.16547708
10.48311034   8.42342433   2.16805453
14.18711365   9.02730159   2.15105333
16.3953524    9.34323464   2.14132659
16.47820111   9.39513803   2.1405906 
16.43772586   9.38118913   2.14084463
16.34065767   9.34966449   2.1414358 
14.76625718  12.05832306   2.12117856
17.79247729  13.46731152   2.09880293
20.92436008  14.64441704   4.56605331
20.91683821  14.72415489   4.43423464
20.87647985  14.74680766   4.403122  
20.92750271  14.80458387   4.37929373
20.91344266  14.80832405   4.39383606
20.97863313  14.76410243   4.21633757
23.12427308  13.32596883   2.0479721 
25.06864407  10.74235967   0.73185011
25.03696778  10.8972242    0.42279969
25.30172148  10.71632911   0.29004656
25.27702155  10.61234507   0.58708855
25.23841147  10.63003997   0.50127154
25.29455333  10.60926965   0.38655017
25.35339569  10.50643321   0.56182396
26.31829354   8.91591543   2.22257028
26.81074077   5.18844062   0.8719848 
27.10461075   4.8360777    0.40873735
27.04471897   4.78501708   0.58195025
27.13590788   4.82048226   0.241221  
27.05763124   4.76094315   0.368923  
27.30115197   4.91507092   1.11889254
31.28826077   6.16395588   1.94103121
32.08623956   6.36844175   3.323145  
31.95797914   6.39087101   3.00066023
31.94532638   6.42025019   3.21934039
31.88804616   6.39963652   2.88436134
31.99039124   6.41021656   3.06266827
33.48670895   4.46109623   2.29754122
37.39201766   1.553944     2.16516342
37.65174824   1.19221754   2.17602027
37.6408995    1.17501944   2.17646889
37.6187911    1.21905727   2.17514157
37.79874005   1.60235582   2.16468751
39.48206954   1.89975345   2.16043021
43.0462217    4.49463472   2.09542043
44.09033287   5.51944531   2.06887024
44.10416225   5.5521458    2.06797613
44.10577776   5.55020173   2.06803501
44.06680049   5.55043214   2.0679346 
45.78388115   5.22719669   2.08123459
50.04086631   2.77189802   2.16109965
50.88849022   2.67552042   2.16587129
50.91151764   2.60820492   2.16783555
50.94105726   2.68751174   2.16565762
50.90525946   2.64858517   2.16667539
50.79357928   2.93770444   2.15820812
46.96195252   4.4258771    2.10679215
42.31541799   6.34210076   2.04127753
37.61116533   8.68600711   2.06504784
36.34950454  11.87526258   2.12615174
36.5843347   15.47870598   2.10539898
36.54452831  15.49166133   2.10752275
36.54742787  15.53526776   2.10726848
36.54080267  15.53996135   2.10761628
36.58772339  15.53316709   2.10509395
37.31836122  16.16259952   2.06417397
37.90255468  20.67189749   1.29585755
38.56726965  23.26325826  -6.10662681
40.26230195  17.64444917   2.        
39.62058995  15.93729153   2.        
38.92709748  17.60745313  -6.02492367
39.32132225  15.70897474   2.        
39.35895458  15.81564585   2.        
39.93092592  18.67790337  -6.21451672
39.13979008  24.56277434  -7.96046792
37.74684099  21.24301512   0.34580634
37.26960357  21.21383824   0.61756459
37.24787847  21.22068821   0.70986461
37.21687415  21.2301589    0.55249274
37.33140007  21.1713537    0.87013189
37.03826056  20.32289961   2.13923858
34.54141887  17.27059467   2.24968732
31.32291861  16.8241856    2.38693139
31.82922673  17.11792524   2.6520871 
31.09542547  16.96799767   3.15372668
31.08227748  16.94358283   3.38525237
31.13230963  16.97469172   3.20107226
31.14084235  17.30560794   2.41855274
30.87744169  22.08335445   2.45352096
30.43110376  25.9993682    2.49317545
30.27555754  26.08444761   2.91716876
30.26476892  26.088817     2.91755584
30.29481224  26.08155688   2.91626367
30.703648    26.49786303   2.87582885
32.95582711  29.86011185   2.6056648 
35.58593385  32.36128562   2.35343347
37.22570904  32.18450317   2.27307693
37.14835909  32.20428265   2.27636022
37.1692702   32.22494019   2.27431956
37.16263486  32.23733967   2.27412676
37.14534679  32.21734461   2.27594306
36.47539504  32.90783624   2.28136874
33.7065746   35.5132597    2.31476241
31.49040311  37.11870462   2.36276848
31.4821577   37.09695012   2.36417658
31.43411326  37.08643508   2.36722694
31.40764897  37.07816879   2.36901689
31.43107626  37.1069151    2.36648206
31.79810173  38.26616575   2.29533683
30.21948521  42.55195661   2.19019518
29.89688229  42.78671076   2.19713635
29.83351842  42.7729443    2.20115471
29.8747487   42.79724934   2.1978593 
29.95870998  42.58804303   2.20262038
32.11804895  41.86541103   2.11852423
34.62995336  39.01202143   2.10995164
36.86520029  38.82311977   1.99810493
36.96800251  38.78500309   1.9942659 
36.97952738  38.74781198   1.99529521
36.97353366  38.74928368   1.99555231
36.96781727  38.7518176    1.99574739
